5259818746
6072858027
6205838155
2035161218
5851271813
1996777623
6210030905
1630210801
5455874632
5684438256
1636329890
6451464003
6195841760
5438620861
1749386887
5543475561
6352549087
6783206263
6597562080
5543475561
1335908617
1300488242
2116053018
5368614136
1680162992
1801981154
6623582720
1395599594
6598413280
5443691106
5261255761
6691694255
6591651280
1032786716
128294564
6292423946
5704408868
956089423
6084016985
517248700
1353879114
5871656811
1530941897
5351231259
6003862706
6247414504
6801425102
1388731239
1619561662
908487893
1183939822
5923119085
6295753186
6744078652
6312308736
1486829224
784876375
1514409379
5880708441
1217831049
1458612841
6777642191
1035106285
5072826705
6377158478
6309329796
5859147569
1871686460
6693524264
6098859679
1596046094
